width: 720
height: 960
fx: 1386.71533203125
fy: 1386.71533203125
cx: 718.263916015625
cy: 954.7833862304688
scale: 1000.0
